  0.0000000e+000  3.0000000e+001  1.2000000e+001  0.0000000e+000  0.0000000e+000  1.0000000e+000  0.0000000e+000  2.0166730e+004  1.8347230e+004  2.5564670e+004
  0.0000000e+000  2.6000000e+001  1.2000000e+001  0.0000000e+000  0.0000000e+000  1.0000000e+000  0.0000000e+000  2.5862320e+004  1.7806550e+004  2.5564670e+004
  0.0000000e+000  2.5000000e+001  1.6000000e+001  0.0000000e+000  0.0000000e+000  1.0000000e+000  0.0000000e+000  2.5862320e+004  1.5316210e+004  2.5564670e+004
  0.0000000e+000  4.2000000e+001  1.1000000e+001  0.0000000e+000  0.0000000e+000  1.0000000e+000  1.0000000e+000  2.1787050e+004  1.4265290e+004  1.5491010e+004
  0.0000000e+000  2.5000000e+001  9.0000000e+000  1.0000000e+000  0.0000000e+000  1.0000000e+000  1.0000000e+000  1.4829690e+004  1.3776530e+004  0.0000000e+000
  0.0000000e+000  3.7000000e+001  9.0000000e+000  1.0000000e+000  0.0000000e+000  1.0000000e+000  1.0000000e+000  1.3685480e+004  1.2756050e+004  1.7833200e+004
  0.0000000e+000  3.2000000e+001  1.2000000e+001  0.0000000e+000  0.0000000e+000  1.0000000e+000  0.0000000e+000  1.9067580e+004  1.2625350e+004  1.4146280e+004
  0.0000000e+000  2.0000000e+001  1.2000000e+001  1.0000000e+000  0.0000000e+000  0.0000000e+000  0.0000000e+000  7.3923140e+003  1.2396190e+004  1.7765230e+004
  0.0000000e+000  3.8000000e+001  9.0000000e+000  0.0000000e+000  1.0000000e+000  1.0000000e+000  1.0000000e+000  1.6826180e+004  1.2029180e+004  0.0000000e+000
  0.0000000e+000  3.9000000e+001  1.0000000e+001  0.0000000e+000  0.0000000e+000  1.0000000e+000  1.0000000e+000  1.6767410e+004  1.2022020e+004  4.4331800e+003
  0.0000000e+000  4.1000000e+001  5.0000000e+000  0.0000000e+000  0.0000000e+000  1.0000000e+000  1.0000000e+000  1.0785760e+004  1.1991580e+004  1.9451310e+004
  0.0000000e+000  3.1000000e+001  1.4000000e+001  0.0000000e+000  0.0000000e+000  1.0000000e+000  0.0000000e+000  1.7831290e+004  1.1563690e+004  2.2094970e+004
  0.0000000e+000  3.4000000e+001  8.0000000e+000  0.0000000e+000  0.0000000e+000  1.0000000e+000  1.0000000e+000  8.0388720e+003  1.1404350e+004  5.4867990e+003
  0.0000000e+000  2.9000000e+001  1.2000000e+001  0.0000000e+000  0.0000000e+000  1.0000000e+000  0.0000000e+000  1.4768950e+004  1.1146550e+004  6.4207220e+003
  0.0000000e+000  2.2000000e+001  1.4000000e+001  1.0000000e+000  0.0000000e+000  1.0000000e+000  0.0000000e+000  7.4843990e+002  1.1105370e+004  1.8208550e+004
  0.0000000e+000  4.2000000e+001  0.0000000e+000  0.0000000e+000  1.0000000e+000  1.0000000e+000  1.0000000e+000  2.7978330e+003  1.0929920e+004  9.9229340e+003
  0.0000000e+000  2.5000000e+001  9.0000000e+000  0.0000000e+000  1.0000000e+000  0.0000000e+000  1.0000000e+000  5.4604770e+003  1.0589760e+004  7.5393610e+003
  0.0000000e+000  2.8000000e+001  9.0000000e+000  0.0000000e+000  0.0000000e+000  1.0000000e+000  1.0000000e+000  1.1091410e+004  1.0357020e+004  1.5406780e+004
  0.0000000e+000  4.0000000e+001  1.3000000e+001  0.0000000e+000  0.0000000e+000  1.0000000e+000  0.0000000e+000  3.5776210e+003  1.0301520e+004  1.1911950e+004
  0.0000000e+000  3.5000000e+001  9.0000000e+000  0.0000000e+000  0.0000000e+000  1.0000000e+000  1.0000000e+000  1.1475430e+004  9.3974030e+003  1.1087380e+004
  0.0000000e+000  2.7000000e+001  1.0000000e+001  0.0000000e+000  1.0000000e+000  1.0000000e+000  1.0000000e+000  1.5711360e+004  9.0984190e+003  1.7023410e+004
  0.0000000e+000  2.7000000e+001  6.0000000e+000  0.0000000e+000  1.0000000e+000  1.0000000e+000  1.0000000e+000  7.8311890e+003  9.0715650e+003  5.6611710e+003
  0.0000000e+000  3.6000000e+001  1.2000000e+001  0.0000000e+000  0.0000000e+000  1.0000000e+000  0.0000000e+000  2.5535120e+004  8.6955970e+003  2.1905820e+004
  0.0000000e+000  4.7000000e+001  8.0000000e+000  1.0000000e+000  0.0000000e+000  1.0000000e+000  1.0000000e+000  9.2751690e+003  8.5434190e+003  0.0000000e+000
  0.0000000e+000  4.0000000e+001  1.1000000e+001  0.0000000e+000  0.0000000e+000  1.0000000e+000  1.0000000e+000  2.0666350e+004  8.5022420e+003  2.5564670e+004
  0.0000000e+000  2.7000000e+001  7.0000000e+000  0.0000000e+000  0.0000000e+000  1.0000000e+000  1.0000000e+000  3.0642930e+003  8.4610650e+003  1.1149450e+004
  0.0000000e+000  3.6000000e+001  9.0000000e+000  1.0000000e+000  0.0000000e+000  1.0000000e+000  1.0000000e+000  1.3256400e+004  8.4574840e+003  0.0000000e+000
  0.0000000e+000  3.9000000e+001  6.0000000e+000  0.0000000e+000  1.0000000e+000  1.0000000e+000  1.0000000e+000  1.3279910e+004  8.4413710e+003  2.5048940e+004
  0.0000000e+000  2.1000000e+001  9.0000000e+000  0.0000000e+000  0.0000000e+000  1.0000000e+000  1.0000000e+000  1.1156070e+004  8.4413710e+003  1.2132140e+003
  0.0000000e+000  2.9000000e+001  1.2000000e+001  0.0000000e+000  0.0000000e+000  1.0000000e+000  0.0000000e+000  1.1199170e+004  8.0815160e+003  0.0000000e+000
  0.0000000e+000  2.2000000e+001  1.3000000e+001  0.0000000e+000  1.0000000e+000  0.0000000e+000  0.0000000e+000  6.4048430e+003  7.8827900e+003  9.4530170e+003
  0.0000000e+000  2.5000000e+001  1.0000000e+001  0.0000000e+000  0.0000000e+000  1.0000000e+000  1.0000000e+000  1.3634540e+004  7.7932740e+003  1.1688820e+004
  0.0000000e+000  2.7000000e+001  1.2000000e+001  0.0000000e+000  0.0000000e+000  1.0000000e+000  0.0000000e+000  1.2270890e+004  7.7091290e+003  7.8068290e+003
  0.0000000e+000  4.5000000e+001  8.0000000e+000  0.0000000e+000  0.0000000e+000  1.0000000e+000  1.0000000e+000  2.2415970e+004  7.6357260e+003  1.5931370e+004
  0.0000000e+000  2.6000000e+001  1.2000000e+001  0.0000000e+000  0.0000000e+000  1.0000000e+000  0.0000000e+000  2.3452420e+003  7.5659030e+003  2.8387130e+003
  0.0000000e+000  2.7000000e+001  1.2000000e+001  0.0000000e+000  0.0000000e+000  1.0000000e+000  0.0000000e+000  9.7884970e+003  7.4960810e+003  1.4038400e+004
  0.0000000e+000  3.3000000e+001  8.0000000e+000  0.0000000e+000  0.0000000e+000  1.0000000e+000  1.0000000e+000  1.2312030e+004  7.4745970e+003  2.5514430e+004
  0.0000000e+000  2.5000000e+001  1.2000000e+001  0.0000000e+000  0.0000000e+000  1.0000000e+000  0.0000000e+000  1.1381380e+004  7.4674350e+003  4.1627560e+003
  0.0000000e+000  4.9000000e+001  8.0000000e+000  0.0000000e+000  0.0000000e+000  1.0000000e+000  1.0000000e+000  6.4597030e+003  7.4316290e+003  7.5038960e+003
  0.0000000e+000  4.0000000e+001  3.0000000e+000  0.0000000e+000  1.0000000e+000  1.0000000e+000  1.0000000e+000  7.5764850e+003  7.4262580e+003  1.2104060e+004
  0.0000000e+000  2.2000000e+001  1.2000000e+001  1.0000000e+000  0.0000000e+000  1.0000000e+000  0.0000000e+000  9.7297190e+003  7.3725480e+003  2.2313670e+003
  0.0000000e+000  2.5000000e+001  5.0000000e+000  0.0000000e+000  0.0000000e+000  1.0000000e+000  1.0000000e+000  7.8919270e+003  7.2937740e+003  1.4617670e+004
  0.0000000e+000  2.5000000e+001  1.2000000e+001  0.0000000e+000  0.0000000e+000  1.0000000e+000  0.0000000e+000  1.1516570e+004  7.2633390e+003  1.9588740e+004
  0.0000000e+000  2.1000000e+001  1.2000000e+001  0.0000000e+000  0.0000000e+000  1.0000000e+000  0.0000000e+000  1.3601230e+004  7.2024680e+003  1.0746030e+004
  0.0000000e+000  3.3000000e+001  9.0000000e+000  0.0000000e+000  1.0000000e+000  1.0000000e+000  1.0000000e+000  1.1959360e+004  7.0878870e+003  2.5564670e+004
  0.0000000e+000  2.0000000e+001  1.2000000e+001  1.0000000e+000  0.0000000e+000  1.0000000e+000  0.0000000e+000  9.5553440e+003  7.0556610e+003  0.0000000e+000
  0.0000000e+000  1.9000000e+001  1.1000000e+001  0.0000000e+000  0.0000000e+000  1.0000000e+000  1.0000000e+000  4.3064680e+003  6.9786770e+003  8.3787100e+002
  0.0000000e+000  2.5000000e+001  1.2000000e+001  1.0000000e+000  0.0000000e+000  1.0000000e+000  0.0000000e+000  2.9584930e+002  6.9428710e+003  4.6105070e+002
  0.0000000e+000  2.9000000e+001  1.2000000e+001  0.0000000e+000  0.0000000e+000  1.0000000e+000  0.0000000e+000  1.5303830e+004  6.9321290e+003  2.4290870e+004
  0.0000000e+000  2.0000000e+001  1.2000000e+001  0.0000000e+000  0.0000000e+000  1.0000000e+000  0.0000000e+000  3.5580290e+003  6.7978550e+003  6.6808020e+003
  0.0000000e+000  2.9000000e+001  6.0000000e+000  0.0000000e+000  1.0000000e+000  1.0000000e+000  1.0000000e+000  8.5424030e+003  6.7011770e+003  7.1965280e+003
  0.0000000e+000  2.5000000e+001  1.3000000e+001  0.0000000e+000  0.0000000e+000  1.0000000e+000  0.0000000e+000  1.9259590e+004  6.6528390e+003  1.3015820e+004
  0.0000000e+000  4.1000000e+001  1.5000000e+001  0.0000000e+000  0.0000000e+000  1.0000000e+000  0.0000000e+000  2.5862320e+004  6.5633230e+003  2.4647000e+004
  0.0000000e+000  3.9000000e+001  1.0000000e+001  0.0000000e+000  0.0000000e+000  1.0000000e+000  1.0000000e+000  2.2745130e+004  6.4935000e+003  2.5564670e+004
  0.0000000e+000  3.3000000e+001  1.2000000e+001  0.0000000e+000  0.0000000e+000  1.0000000e+000  0.0000000e+000  1.0819070e+004  6.3699680e+003  2.9362430e+003
  0.0000000e+000  2.9000000e+001  8.0000000e+000  0.0000000e+000  0.0000000e+000  1.0000000e+000  1.0000000e+000  9.1693690e+003  6.3520650e+003  2.0575860e+004
  0.0000000e+000  2.1000000e+001  1.1000000e+001  0.0000000e+000  0.0000000e+000  1.0000000e+000  1.0000000e+000  1.0679960e+004  6.2768710e+003  1.0923350e+004
  0.0000000e+000  3.1000000e+001  1.2000000e+001  0.0000000e+000  0.0000000e+000  1.0000000e+000  0.0000000e+000  2.3652270e+004  6.2285320e+003  2.2403810e+004
  0.0000000e+000  3.6000000e+001  1.2000000e+001  1.0000000e+000  0.0000000e+000  1.0000000e+000  0.0000000e+000  1.1040470e+004  6.2213710e+003  7.2157390e+003
  0.0000000e+000  2.5000000e+001  7.0000000e+000  0.0000000e+000  0.0000000e+000  1.0000000e+000  1.0000000e+000  5.5976250e+003  6.0996290e+003  1.2265130e+002
  0.0000000e+000  3.5000000e+001  7.0000000e+000  0.0000000e+000  0.0000000e+000  1.0000000e+000  1.0000000e+000  1.0715230e+004  6.0870970e+003  1.5177730e+004
  0.0000000e+000  2.2000000e+001  9.0000000e+000  0.0000000e+000  0.0000000e+000  1.0000000e+000  1.0000000e+000  5.6838330e+003  6.0387580e+003  4.7420250e+003
  0.0000000e+000  3.1000000e+001  2.0000000e+000  0.0000000e+000  1.0000000e+000  1.0000000e+000  1.0000000e+000  3.2621790e+003  5.9653550e+003  9.7323070e+003
  0.0000000e+000  4.0000000e+001  1.5000000e+001  0.0000000e+000  0.0000000e+000  1.0000000e+000  0.0000000e+000  1.0907240e+004  5.9223870e+003  6.2389620e+003
  0.0000000e+000  4.7000000e+001  3.0000000e+000  0.0000000e+000  0.0000000e+000  1.0000000e+000  1.0000000e+000  9.0478940e+003  5.9116450e+003  6.1458650e+003
  0.0000000e+000  2.6000000e+001  8.0000000e+000  0.0000000e+000  1.0000000e+000  0.0000000e+000  1.0000000e+000  3.1681340e+003  5.8722580e+003  1.1136150e+004
  0.0000000e+000  4.2000000e+001  7.0000000e+000  0.0000000e+000  0.0000000e+000  1.0000000e+000  1.0000000e+000  1.0971890e+004  5.8060160e+003  9.2417020e+003
  0.0000000e+000  5.3000000e+001  1.2000000e+001  0.0000000e+000  0.0000000e+000  0.0000000e+000  0.0000000e+000  1.7104400e+004  5.7755810e+003  1.9965560e+004
  0.0000000e+000  3.0000000e+001  1.7000000e+001  1.0000000e+000  0.0000000e+000  0.0000000e+000  0.0000000e+000  1.7827370e+004  5.5464190e+003  1.4421130e+004
  0.0000000e+000  2.8000000e+001  1.0000000e+001  0.0000000e+000  0.0000000e+000  1.0000000e+000  1.0000000e+000  1.0415460e+004  5.5446290e+003  1.0289410e+004
  0.0000000e+000  4.6000000e+001  1.1000000e+001  0.0000000e+000  0.0000000e+000  1.0000000e+000  1.0000000e+000  1.4753280e+004  5.2993550e+003  0.0000000e+000
  0.0000000e+000  2.8000000e+001  1.2000000e+001  0.0000000e+000  0.0000000e+000  0.0000000e+000  0.0000000e+000  8.2563500e+003  5.2796610e+003  2.1602880e+004
  0.0000000e+000  2.7000000e+001  1.2000000e+001  0.0000000e+000  1.0000000e+000  1.0000000e+000  0.0000000e+000  1.7604010e+004  5.2223710e+003  2.5564670e+004
  0.0000000e+000  2.5000000e+001  1.0000000e+001  0.0000000e+000  0.0000000e+000  1.0000000e+000  1.0000000e+000  4.3358570e+003  5.1811940e+003  1.2418810e+004
  0.0000000e+000  3.8000000e+001  8.0000000e+000  0.0000000e+000  0.0000000e+000  1.0000000e+000  1.0000000e+000  1.1242270e+004  5.1740320e+003  0.0000000e+000
  0.0000000e+000  2.6000000e+001  1.2000000e+001  0.0000000e+000  1.0000000e+000  0.0000000e+000  0.0000000e+000  7.9683380e+003  5.1095810e+003  4.1819660e+003
  0.0000000e+000  5.4000000e+001  1.2000000e+001  0.0000000e+000  0.0000000e+000  0.0000000e+000  0.0000000e+000  7.1650390e+003  5.0129030e+003  0.0000000e+000
  0.0000000e+000  3.8000000e+001  8.0000000e+000  0.0000000e+000  1.0000000e+000  1.0000000e+000  1.0000000e+000  2.2606020e+004  4.9788870e+003  8.7200650e+003
  0.0000000e+000  2.3000000e+001  1.7000000e+001  0.0000000e+000  0.0000000e+000  0.0000000e+000  0.0000000e+000  0.0000000e+000  4.8768390e+003  1.6747080e+004
  0.0000000e+000  2.3000000e+001  8.0000000e+000  0.0000000e+000  0.0000000e+000  1.0000000e+000  1.0000000e+000  3.5952550e+003  4.8660970e+003  2.7825590e+003
  0.0000000e+000  2.3000000e+001  1.2000000e+001  0.0000000e+000  0.0000000e+000  1.0000000e+000  0.0000000e+000  1.1690950e+004  4.7640480e+003  1.4065000e+004
  0.0000000e+000  2.5000000e+001  1.2000000e+001  0.0000000e+000  1.0000000e+000  1.0000000e+000  0.0000000e+000  8.7461670e+003  4.7622580e+003  3.7977570e+002
  0.0000000e+000  2.5000000e+001  1.5000000e+001  0.0000000e+000  0.0000000e+000  1.0000000e+000  0.0000000e+000  7.3864360e+003  4.7389840e+003  1.2705490e+004
  0.0000000e+000  3.7000000e+001  1.1000000e+001  0.0000000e+000  1.0000000e+000  0.0000000e+000  1.0000000e+000  6.1520980e+002  4.7139190e+003  0.0000000e+000
  0.0000000e+000  4.0000000e+001  1.2000000e+001  0.0000000e+000  0.0000000e+000  1.0000000e+000  0.0000000e+000  1.8389680e+004  4.6888550e+003  2.1857050e+004
  0.0000000e+000  1.9000000e+001  1.0000000e+001  0.0000000e+000  0.0000000e+000  0.0000000e+000  1.0000000e+000  5.7778780e+003  4.6727420e+003  1.3595080e+002
  0.0000000e+000  4.8000000e+001  7.0000000e+000  0.0000000e+000  0.0000000e+000  1.0000000e+000  1.0000000e+000  1.3326930e+004  4.6369350e+003  0.0000000e+000
  0.0000000e+000  1.9000000e+001  1.2000000e+001  0.0000000e+000  0.0000000e+000  0.0000000e+000  0.0000000e+000  8.5306480e+003  4.6208230e+003  0.0000000e+000
  0.0000000e+000  1.6000000e+001  9.0000000e+000  0.0000000e+000  0.0000000e+000  0.0000000e+000  1.0000000e+000  2.5392100e+003  4.5796450e+003  0.0000000e+000
  0.0000000e+000  2.9000000e+001  1.0000000e+001  0.0000000e+000  0.0000000e+000  1.0000000e+000  1.0000000e+000  7.1317310e+002  4.5420480e+003  7.7817080e+003
  0.0000000e+000  3.0000000e+001  1.6000000e+001  0.0000000e+000  0.0000000e+000  0.0000000e+000  0.0000000e+000  3.0936820e+003  4.4686450e+003  1.5538290e+004
  0.0000000e+000  2.2000000e+001  1.1000000e+001  0.0000000e+000  0.0000000e+000  1.0000000e+000  1.0000000e+000  8.7618410e+003  4.4632740e+003  1.0642590e+004
  0.0000000e+000  2.2000000e+001  1.0000000e+001  0.0000000e+000  0.0000000e+000  0.0000000e+000  1.0000000e+000  1.7268980e+004  4.4006130e+003  2.4530260e+003
  0.0000000e+000  4.7000000e+001  1.0000000e+001  1.0000000e+000  0.0000000e+000  1.0000000e+000  1.0000000e+000  1.3311260e+004  4.3970320e+003  1.9330140e+004
  0.0000000e+000  2.5000000e+001  1.2000000e+001  0.0000000e+000  1.0000000e+000  1.0000000e+000  0.0000000e+000  2.2668720e+003  4.3612260e+003  3.0204730e+003
  0.0000000e+000  4.7000000e+001  1.0000000e+001  1.0000000e+000  0.0000000e+000  0.0000000e+000  1.0000000e+000  2.1918320e+004  4.3236290e+003  1.9438020e+004
  0.0000000e+000  2.4000000e+001  1.2000000e+001  1.0000000e+000  0.0000000e+000  1.0000000e+000  0.0000000e+000  8.5737520e+003  4.2931940e+003  0.0000000e+000
  0.0000000e+000  2.0000000e+001  1.2000000e+001  1.0000000e+000  0.0000000e+000  1.0000000e+000  0.0000000e+000  2.6489290e+003  4.2735000e+003  0.0000000e+000
  0.0000000e+000  2.8000000e+001  1.2000000e+001  1.0000000e+000  0.0000000e+000  0.0000000e+000  0.0000000e+000  1.6722340e+004  4.2538060e+003  7.3147470e+003
  0.0000000e+000  4.7000000e+001  1.1000000e+001  0.0000000e+000  0.0000000e+000  0.0000000e+000  1.0000000e+000  8.0604240e+003  4.2323230e+003  3.3588730e+003
  0.0000000e+000  5.0000000e+001  0.0000000e+000  0.0000000e+000  0.0000000e+000  1.0000000e+000  1.0000000e+000  1.0162720e+004  4.2180000e+003  2.2018130e+002
  0.0000000e+000  1.8000000e+001  1.2000000e+001  0.0000000e+000  0.0000000e+000  0.0000000e+000  0.0000000e+000  2.2178900e+003  4.1911450e+003  8.9579780e+003
  0.0000000e+000  2.1000000e+001  1.2000000e+001  0.0000000e+000  0.0000000e+000  0.0000000e+000  0.0000000e+000  9.6650630e+003  4.1105810e+003  1.6875640e+003
  0.0000000e+000  4.7000000e+001  1.1000000e+001  0.0000000e+000  0.0000000e+000  1.0000000e+000  1.0000000e+000  2.3924610e+004  4.0962580e+003  1.7358850e+004
  0.0000000e+000  2.1000000e+001  1.2000000e+001  0.0000000e+000  0.0000000e+000  0.0000000e+000  0.0000000e+000  2.8272220e+003  4.0568710e+003  5.9375050e+003
  0.0000000e+000  3.4000000e+001  1.1000000e+001  0.0000000e+000  0.0000000e+000  1.0000000e+000  1.0000000e+000  0.0000000e+000  4.0103230e+003  1.8133180e+004
  0.0000000e+000  1.9000000e+001  1.2000000e+001  0.0000000e+000  0.0000000e+000  1.0000000e+000  0.0000000e+000  5.8170630e+003  3.9190160e+003  1.0669190e+003
  0.0000000e+000  4.4000000e+001  1.3000000e+001  0.0000000e+000  0.0000000e+000  1.0000000e+000  0.0000000e+000  8.0329940e+003  3.8814190e+003  3.1047040e+003
  0.0000000e+000  2.1000000e+001  1.5000000e+001  0.0000000e+000  0.0000000e+000  1.0000000e+000  0.0000000e+000  6.9514790e+003  3.8796290e+003  0.0000000e+000
  0.0000000e+000  2.0000000e+001  1.2000000e+001  1.0000000e+000  0.0000000e+000  0.0000000e+000  0.0000000e+000  5.0999710e+003  3.8420320e+003  1.2718790e+004
  0.0000000e+000  5.1000000e+001  1.1000000e+001  0.0000000e+000  0.0000000e+000  0.0000000e+000  1.0000000e+000  4.8981670e+001  3.8133870e+003  1.5250140e+003
  0.0000000e+000  2.8000000e+001  1.3000000e+001  0.0000000e+000  0.0000000e+000  0.0000000e+000  0.0000000e+000  5.2606310e+003  3.7901130e+003  9.2535240e+003
  0.0000000e+000  2.4000000e+001  1.5000000e+001  0.0000000e+000  0.0000000e+000  0.0000000e+000  0.0000000e+000  1.2746990e+004  3.7435650e+003  0.0000000e+000
  0.0000000e+000  2.8000000e+001  8.0000000e+000  0.0000000e+000  1.0000000e+000  1.0000000e+000  1.0000000e+000  8.3053320e+003  3.7185000e+003  0.0000000e+000
  0.0000000e+000  2.0000000e+001  1.1000000e+001  0.0000000e+000  0.0000000e+000  1.0000000e+000  1.0000000e+000  5.8229410e+003  3.5323060e+003  1.1075560e+004
  0.0000000e+000  2.9000000e+001  1.2000000e+001  0.0000000e+000  0.0000000e+000  1.0000000e+000  0.0000000e+000  1.4288930e+004  3.5036610e+003  8.1334070e+003
  0.0000000e+000  2.3000000e+001  1.2000000e+001  0.0000000e+000  0.0000000e+000  1.0000000e+000  0.0000000e+000  1.4347710e+004  3.4821770e+003  3.8184450e+003
  0.0000000e+000  2.0000000e+001  1.1000000e+001  1.0000000e+000  0.0000000e+000  0.0000000e+000  1.0000000e+000  0.0000000e+000  3.4803870e+003  5.4956650e+003
  0.0000000e+000  4.2000000e+001  7.0000000e+000  0.0000000e+000  0.0000000e+000  1.0000000e+000  1.0000000e+000  4.3241020e+003  3.4571130e+003  9.8564360e+003
  0.0000000e+000  4.3000000e+001  1.2000000e+001  0.0000000e+000  0.0000000e+000  1.0000000e+000  0.0000000e+000  1.4328120e+004  3.4535320e+003  1.8781900e+004
  0.0000000e+000  2.7000000e+001  1.3000000e+001  0.0000000e+000  0.0000000e+000  0.0000000e+000  0.0000000e+000  1.6406900e+004  3.4266770e+003  5.3449370e+003
  0.0000000e+000  2.7000000e+001  4.0000000e+000  0.0000000e+000  1.0000000e+000  1.0000000e+000  1.0000000e+000  6.2696540e+002  3.4105650e+003  3.3677390e+003
  0.0000000e+000  2.5000000e+001  1.2000000e+001  0.0000000e+000  0.0000000e+000  1.0000000e+000  0.0000000e+000  2.1469650e+004  3.4051940e+003  7.9812010e+003
  0.0000000e+000  1.8000000e+001  1.2000000e+001  0.0000000e+000  0.0000000e+000  0.0000000e+000  0.0000000e+000  4.7296700e+003  3.3282100e+003  1.2602050e+004
  0.0000000e+000  3.1000000e+001  1.6000000e+001  0.0000000e+000  0.0000000e+000  1.0000000e+000  0.0000000e+000  2.5862320e+004  3.2548060e+003  2.5564670e+004
  0.0000000e+000  2.7000000e+001  1.2000000e+001  0.0000000e+000  0.0000000e+000  1.0000000e+000  0.0000000e+000  4.0439270e+003  3.2315320e+003  7.2408600e+003
  0.0000000e+000  1.8000000e+001  1.1000000e+001  0.0000000e+000  0.0000000e+000  0.0000000e+000  1.0000000e+000  0.0000000e+000  3.2261610e+003  1.5814630e+004
  0.0000000e+000  2.4000000e+001  7.0000000e+000  0.0000000e+000  0.0000000e+000  1.0000000e+000  1.0000000e+000  7.8605780e+003  3.2136290e+003  0.0000000e+000
  0.0000000e+000  2.3000000e+001  1.2000000e+001  0.0000000e+000  0.0000000e+000  1.0000000e+000  0.0000000e+000  7.8566600e+003  3.2136290e+003  5.5355640e+003
  0.0000000e+000  5.0000000e+001  1.2000000e+001  0.0000000e+000  0.0000000e+000  1.0000000e+000  0.0000000e+000  1.9929660e+004  3.1903550e+003  1.8597190e+004
  0.0000000e+000  1.9000000e+001  1.2000000e+001  0.0000000e+000  0.0000000e+000  0.0000000e+000  0.0000000e+000  9.9922610e+001  3.1724520e+003  1.5436330e+004
  0.0000000e+000  2.3000000e+001  1.0000000e+001  0.0000000e+000  0.0000000e+000  1.0000000e+000  1.0000000e+000  1.5811280e+004  3.1455970e+003  6.3985560e+003
  0.0000000e+000  5.1000000e+001  1.2000000e+001  0.0000000e+000  0.0000000e+000  1.0000000e+000  0.0000000e+000  2.1001380e+004  3.1402260e+003  1.6015600e+004
  0.0000000e+000  1.9000000e+001  1.1000000e+001  1.0000000e+000  0.0000000e+000  0.0000000e+000  1.0000000e+000  5.6074220e+003  3.0542900e+003  9.4574500e+001
  0.0000000e+000  2.0000000e+001  1.0000000e+001  0.0000000e+000  0.0000000e+000  1.0000000e+000  1.0000000e+000  3.0995600e+003  2.9701450e+003  2.1141830e+004
  0.0000000e+000  2.0000000e+001  1.1000000e+001  0.0000000e+000  1.0000000e+000  0.0000000e+000  1.0000000e+000  2.8683670e+003  2.9683550e+003  7.4034100e+003
  0.0000000e+000  2.1000000e+001  1.2000000e+001  0.0000000e+000  0.0000000e+000  0.0000000e+000  0.0000000e+000  8.1289980e+003  2.9397100e+003  0.0000000e+000
  0.0000000e+000  3.9000000e+001  1.0000000e+001  0.0000000e+000  0.0000000e+000  1.0000000e+000  1.0000000e+000  0.0000000e+000  2.8860000e+003  1.8761220e+004
  0.0000000e+000  3.6000000e+001  5.0000000e+000  0.0000000e+000  0.0000000e+000  0.0000000e+000  1.0000000e+000  3.8146920e+003  2.8734680e+003  2.7515270e+003
  0.0000000e+000  1.9000000e+001  9.0000000e+000  1.0000000e+000  0.0000000e+000  0.0000000e+000  1.0000000e+000  1.0795560e+003  2.8734680e+003  1.4344290e+004
  0.0000000e+000  4.2000000e+001  6.0000000e+000  0.0000000e+000  1.0000000e+000  1.0000000e+000  1.0000000e+000  2.4255720e+003  2.8322900e+003  1.9077450e+003
  0.0000000e+000  2.0000000e+001  7.0000000e+000  0.0000000e+000  0.0000000e+000  0.0000000e+000  1.0000000e+000  1.9024480e+003  2.7929030e+003  6.0985780e+003
  0.0000000e+000  2.3000000e+001  1.2000000e+001  0.0000000e+000  0.0000000e+000  1.0000000e+000  0.0000000e+000  4.9549860e+003  2.7714190e+003  0.0000000e+000
  0.0000000e+000  3.5000000e+001  1.2000000e+001  0.0000000e+000  0.0000000e+000  1.0000000e+000  0.0000000e+000  1.4694500e+003  2.7195000e+003  0.0000000e+000
  0.0000000e+000  1.8000000e+001  1.2000000e+001  0.0000000e+000  0.0000000e+000  0.0000000e+000  0.0000000e+000  8.8167010e+002  2.6962260e+003  1.2120310e+004
  0.0000000e+000  4.3000000e+001  8.0000000e+000  0.0000000e+000  0.0000000e+000  1.0000000e+000  1.0000000e+000  1.8338740e+004  2.6747420e+003  6.3956010e+003
  0.0000000e+000  3.7000000e+001  1.4000000e+001  0.0000000e+000  0.0000000e+000  1.0000000e+000  0.0000000e+000  1.8501360e+004  2.6389350e+003  1.3429580e+004
  0.0000000e+000  2.4000000e+001  1.0000000e+001  0.0000000e+000  0.0000000e+000  1.0000000e+000  1.0000000e+000  4.7198740e+003  2.5655320e+003  2.1737360e+003
  0.0000000e+000  5.1000000e+001  1.2000000e+001  0.0000000e+000  0.0000000e+000  0.0000000e+000  0.0000000e+000  2.0742760e+004  2.5386770e+003  1.0196310e+003
  0.0000000e+000  2.2000000e+001  1.1000000e+001  0.0000000e+000  1.0000000e+000  0.0000000e+000  1.0000000e+000  7.3413730e+003  2.5350970e+003  1.4187650e+004
  0.0000000e+000  1.9000000e+001  1.2000000e+001  0.0000000e+000  0.0000000e+000  0.0000000e+000  0.0000000e+000  3.3699390e+002  2.5189840e+003  7.1182090e+003
  0.0000000e+000  5.2000000e+001  0.0000000e+000  0.0000000e+000  1.0000000e+000  1.0000000e+000  1.0000000e+000  7.7391040e+002  2.5064520e+003  0.0000000e+000
  0.0000000e+000  2.1000000e+001  1.2000000e+001  0.0000000e+000  0.0000000e+000  0.0000000e+000  0.0000000e+000  2.9036330e+003  2.4563230e+003  4.7878340e+003
  0.0000000e+000  2.4000000e+001  1.2000000e+001  0.0000000e+000  0.0000000e+000  0.0000000e+000  0.0000000e+000  9.7845780e+003  2.4133550e+003  0.0000000e+000
  0.0000000e+000  3.5000000e+001  8.0000000e+000  0.0000000e+000  0.0000000e+000  1.0000000e+000  1.0000000e+000  2.2414010e+003  2.3990320e+003  9.4604060e+003
  0.0000000e+000  2.0000000e+001  1.3000000e+001  0.0000000e+000  0.0000000e+000  0.0000000e+000  0.0000000e+000  0.0000000e+000  2.3524840e+003  0.0000000e+000
  0.0000000e+000  1.7000000e+001  7.0000000e+000  1.0000000e+000  0.0000000e+000  0.0000000e+000  1.0000000e+000  1.0540860e+003  2.2862420e+003  1.6136770e+003
  0.0000000e+000  1.8000000e+001  1.0000000e+001  1.0000000e+000  0.0000000e+000  0.0000000e+000  1.0000000e+000  3.1152340e+002  2.2844520e+003  8.1540950e+003
  0.0000000e+000  2.8000000e+001  1.2000000e+001  1.0000000e+000  0.0000000e+000  0.0000000e+000  0.0000000e+000  6.2853280e+003  2.2558060e+003  7.3103130e+003
  0.0000000e+000  2.5000000e+001  1.4000000e+001  0.0000000e+000  1.0000000e+000  1.0000000e+000  0.0000000e+000  1.6222730e+003  2.2396940e+003  1.8929680e+003
  0.0000000e+000  4.0000000e+001  1.2000000e+001  0.0000000e+000  1.0000000e+000  0.0000000e+000  0.0000000e+000  1.3616900e+004  2.2289520e+003  8.7629190e+002
  0.0000000e+000  5.0000000e+001  3.0000000e+000  0.0000000e+000  0.0000000e+000  1.0000000e+000  1.0000000e+000  3.1367860e+003  2.2038870e+003  1.3976340e+004
  0.0000000e+000  4.8000000e+001  8.0000000e+000  0.0000000e+000  0.0000000e+000  1.0000000e+000  1.0000000e+000  1.6050310e+004  2.1161610e+003  1.1600150e+004
  0.0000000e+000  1.7000000e+001  7.0000000e+000  0.0000000e+000  1.0000000e+000  0.0000000e+000  1.0000000e+000  0.0000000e+000  2.0821450e+003  6.4606210e+003
  0.0000000e+000  3.0000000e+001  1.2000000e+001  0.0000000e+000  0.0000000e+000  1.0000000e+000  0.0000000e+000  7.3472510e+003  2.0803550e+003  1.4475810e+004
  0.0000000e+000  3.0000000e+001  7.0000000e+000  0.0000000e+000  0.0000000e+000  1.0000000e+000  1.0000000e+000  5.7406520e+002  2.0105320e+003  3.6647620e+002
  0.0000000e+000  2.2000000e+001  1.1000000e+001  0.0000000e+000  0.0000000e+000  1.0000000e+000  1.0000000e+000  3.0309860e+003  1.9765160e+003  0.0000000e+000
  0.0000000e+000  2.7000000e+001  1.2000000e+001  0.0000000e+000  0.0000000e+000  1.0000000e+000  0.0000000e+000  1.1493060e+004  1.9066940e+003  1.3419240e+004
  0.0000000e+000  2.5000000e+001  9.0000000e+000  0.0000000e+000  0.0000000e+000  1.0000000e+000  1.0000000e+000  2.3377970e+004  1.9013230e+003  1.8988790e+003
  0.0000000e+000  2.1000000e+001  1.4000000e+001  0.0000000e+000  0.0000000e+000  0.0000000e+000  0.0000000e+000  8.0329940e+001  1.8905810e+003  6.3896900e+003
  0.0000000e+000  1.7000000e+001  1.0000000e+001  0.0000000e+000  0.0000000e+000  0.0000000e+000  1.0000000e+000  0.0000000e+000  1.8887900e+003  1.9993640e+004
  0.0000000e+000  3.9000000e+001  7.0000000e+000  0.0000000e+000  0.0000000e+000  0.0000000e+000  1.0000000e+000  7.7861260e+003  1.8440320e+003  9.2062370e+003
  0.0000000e+000  1.8000000e+001  9.0000000e+000  1.0000000e+000  0.0000000e+000  0.0000000e+000  1.0000000e+000  1.1833970e+003  1.8225480e+003  8.0388330e+002
  0.0000000e+000  2.5000000e+001  1.2000000e+001  0.0000000e+000  0.0000000e+000  1.0000000e+000  0.0000000e+000  2.7214220e+003  1.7545160e+003  1.0373640e+003
  0.0000000e+000  2.0000000e+001  8.0000000e+000  0.0000000e+000  0.0000000e+000  1.0000000e+000  1.0000000e+000  2.3609160e+003  1.7419840e+003  0.0000000e+000
  0.0000000e+000  1.9000000e+001  1.3000000e+001  0.0000000e+000  0.0000000e+000  0.0000000e+000  0.0000000e+000  2.3667940e+003  1.7097580e+003  0.0000000e+000
  0.0000000e+000  1.9000000e+001  1.1000000e+001  0.0000000e+000  0.0000000e+000  0.0000000e+000  1.0000000e+000  0.0000000e+000  1.6936450e+003  9.8534810e+003
  0.0000000e+000  2.2000000e+001  1.2000000e+001  0.0000000e+000  0.0000000e+000  0.0000000e+000  0.0000000e+000  1.0137250e+004  1.6793230e+003  2.5564670e+004
  0.0000000e+000  1.8000000e+001  1.1000000e+001  1.0000000e+000  0.0000000e+000  0.0000000e+000  1.0000000e+000  2.0689860e+003  1.6238230e+003  2.0243380e+004
  0.0000000e+000  2.1000000e+001  1.0000000e+001  0.0000000e+000  0.0000000e+000  0.0000000e+000  1.0000000e+000  1.7672590e+003  1.5557900e+003  7.6753120e+003
  0.0000000e+000  2.4000000e+001  1.2000000e+001  0.0000000e+000  0.0000000e+000  1.0000000e+000  0.0000000e+000  7.6431000e+003  1.5468390e+003  3.2628200e+003
  0.0000000e+000  1.8000000e+001  1.1000000e+001  0.0000000e+000  0.0000000e+000  0.0000000e+000  1.0000000e+000  1.2735230e+003  1.5325160e+003  1.2489750e+004
  0.0000000e+000  1.7000000e+001  1.0000000e+001  0.0000000e+000  0.0000000e+000  0.0000000e+000  1.0000000e+000  5.6818740e+002  1.5253550e+003  6.2315730e+003
  0.0000000e+000  1.7000000e+001  1.0000000e+001  0.0000000e+000  0.0000000e+000  0.0000000e+000  1.0000000e+000  0.0000000e+000  1.5038710e+003  7.8437730e+003
  0.0000000e+000  1.8000000e+001  1.0000000e+001  0.0000000e+000  0.0000000e+000  0.0000000e+000  1.0000000e+000  0.0000000e+000  1.4913390e+003  2.3791400e+002
  0.0000000e+000  5.3000000e+001  1.0000000e+001  0.0000000e+000  1.0000000e+000  0.0000000e+000  1.0000000e+000  7.8782120e+003  1.4895480e+003  1.3170980e+004
  0.0000000e+000  1.8000000e+001  1.1000000e+001  1.0000000e+000  0.0000000e+000  0.0000000e+000  1.0000000e+000  1.1912340e+003  1.4788060e+003  3.6839720e+003
  0.0000000e+000  1.7000000e+001  1.0000000e+001  0.0000000e+000  1.0000000e+000  0.0000000e+000  1.0000000e+000  0.0000000e+000  1.4537420e+003  6.9187160e+003
  0.0000000e+000  2.6000000e+001  1.2000000e+001  1.0000000e+000  0.0000000e+000  0.0000000e+000  0.0000000e+000  0.0000000e+000  1.4483710e+003  0.0000000e+000
  0.0000000e+000  3.9000000e+001  5.0000000e+000  0.0000000e+000  0.0000000e+000  1.0000000e+000  1.0000000e+000  1.3082020e+004  1.4340480e+003  1.8323810e+004
  0.0000000e+000  1.8000000e+001  1.2000000e+001  1.0000000e+000  0.0000000e+000  0.0000000e+000  0.0000000e+000  1.5791690e+003  1.4089840e+003  3.0574160e+003
  0.0000000e+000  2.3000000e+001  1.3000000e+001  0.0000000e+000  0.0000000e+000  0.0000000e+000  0.0000000e+000  6.0149490e+002  1.3946610e+003  4.9755050e+003
  0.0000000e+000  1.8000000e+001  8.0000000e+000  0.0000000e+000  0.0000000e+000  0.0000000e+000  1.0000000e+000  5.0235600e+003  1.3910810e+003  6.7561660e+003
  0.0000000e+000  2.8000000e+001  1.0000000e+001  0.0000000e+000  0.0000000e+000  1.0000000e+000  1.0000000e+000  7.5784440e+003  1.3839190e+003  2.4042610e+003
  0.0000000e+000  3.2000000e+001  4.0000000e+000  0.0000000e+000  0.0000000e+000  1.0000000e+000  1.0000000e+000  0.0000000e+000  1.3785480e+003  0.0000000e+000
  0.0000000e+000  1.8000000e+001  1.1000000e+001  1.0000000e+000  0.0000000e+000  0.0000000e+000  1.0000000e+000  0.0000000e+000  1.3678060e+003  3.3987710e+001
  0.0000000e+000  4.0000000e+001  1.0000000e+001  0.0000000e+000  0.0000000e+000  1.0000000e+000  1.0000000e+000  1.5439020e+003  1.3427420e+003  0.0000000e+000
  0.0000000e+000  2.1000000e+001  1.4000000e+001  0.0000000e+000  0.0000000e+000  0.0000000e+000  0.0000000e+000  8.4561960e+003  1.3302100e+003  1.6967260e+004
  0.0000000e+000  2.9000000e+001  1.0000000e+001  0.0000000e+000  1.0000000e+000  0.0000000e+000  1.0000000e+000  3.7324030e+003  1.3230480e+003  6.6941010e+003
  0.0000000e+000  3.1000000e+001  6.0000000e+000  0.0000000e+000  0.0000000e+000  0.0000000e+000  1.0000000e+000  2.6665620e+003  1.3212580e+003  0.0000000e+000
  0.0000000e+000  4.6000000e+001  7.0000000e+000  0.0000000e+000  0.0000000e+000  1.0000000e+000  1.0000000e+000  1.9171430e+004  1.3176770e+003  0.0000000e+000
  0.0000000e+000  2.0000000e+001  9.0000000e+000  0.0000000e+000  1.0000000e+000  1.0000000e+000  1.0000000e+000  0.0000000e+000  1.2836610e+003  0.0000000e+000
  0.0000000e+000  3.6000000e+001  1.8000000e+001  0.0000000e+000  0.0000000e+000  1.0000000e+000  0.0000000e+000  3.2739350e+003  1.2693390e+003  1.8227760e+004
  0.0000000e+000  4.5000000e+001  1.2000000e+001  0.0000000e+000  0.0000000e+000  1.0000000e+000  0.0000000e+000  1.6559720e+004  1.2657580e+003  7.9871120e+003
  0.0000000e+000  1.6000000e+001  1.0000000e+001  0.0000000e+000  0.0000000e+000  0.0000000e+000  1.0000000e+000  1.0266560e+003  1.2245810e+003  6.8477850e+003
  0.0000000e+000  1.8000000e+001  1.2000000e+001  0.0000000e+000  0.0000000e+000  0.0000000e+000  0.0000000e+000  8.1897350e+002  1.2084680e+003  2.2328450e+003
  0.0000000e+000  4.0000000e+001  1.2000000e+001  0.0000000e+000  1.0000000e+000  0.0000000e+000  0.0000000e+000  1.1867280e+004  1.1959350e+003  3.8731210e+003
  0.0000000e+000  1.6000000e+001  9.0000000e+000  0.0000000e+000  0.0000000e+000  0.0000000e+000  1.0000000e+000  0.0000000e+000  1.1887740e+003  2.4515480e+003
  0.0000000e+000  1.6000000e+001  1.0000000e+001  0.0000000e+000  0.0000000e+000  0.0000000e+000  1.0000000e+000  5.7406520e+002  1.1816130e+003  5.5784180e+003
  0.0000000e+000  2.8000000e+001  5.0000000e+000  0.0000000e+000  1.0000000e+000  1.0000000e+000  1.0000000e+000  1.0967980e+004  1.1780320e+003  2.3939170e+002
  0.0000000e+000  2.0000000e+001  1.2000000e+001  0.0000000e+000  0.0000000e+000  0.0000000e+000  0.0000000e+000  0.0000000e+000  1.1475970e+003  1.5554550e+004
  0.0000000e+000  1.9000000e+001  8.0000000e+000  0.0000000e+000  0.0000000e+000  1.0000000e+000  1.0000000e+000  3.9185340e+001  1.1368550e+003  5.3272040e+003
  0.0000000e+000  1.6000000e+001  8.0000000e+000  0.0000000e+000  0.0000000e+000  0.0000000e+000  1.0000000e+000  0.0000000e+000  1.1135810e+003  5.4232570e+002
  0.0000000e+000  2.0000000e+001  1.1000000e+001  0.0000000e+000  0.0000000e+000  1.0000000e+000  1.0000000e+000  2.5470470e+003  1.0992580e+003  0.0000000e+000
  0.0000000e+000  3.5000000e+001  1.0000000e+001  0.0000000e+000  0.0000000e+000  1.0000000e+000  1.0000000e+000  4.9647820e+003  1.0867260e+003  1.7451950e+003
  0.0000000e+000  3.2000000e+001  6.0000000e+000  0.0000000e+000  1.0000000e+000  1.0000000e+000  1.0000000e+000  9.7963340e+002  1.0365970e+003  0.0000000e+000
  0.0000000e+000  3.2000000e+001  1.6000000e+001  1.0000000e+000  0.0000000e+000  0.0000000e+000  0.0000000e+000  1.7135750e+004  1.0312260e+003  0.0000000e+000
  0.0000000e+000  1.7000000e+001  9.0000000e+000  1.0000000e+000  0.0000000e+000  0.0000000e+000  1.0000000e+000  0.0000000e+000  9.8109680e+002  8.9003470e+003
  0.0000000e+000  1.6000000e+001  7.0000000e+000  0.0000000e+000  0.0000000e+000  0.0000000e+000  1.0000000e+000  0.0000000e+000  9.7572580e+002  4.7287250e+003
  0.0000000e+000  3.2000000e+001  1.5000000e+001  0.0000000e+000  0.0000000e+000  0.0000000e+000  0.0000000e+000  4.8981670e+002  9.6856450e+002  7.6841780e+003
  0.0000000e+000  1.9000000e+001  1.2000000e+001  0.0000000e+000  0.0000000e+000  0.0000000e+000  0.0000000e+000  8.1505500e+002  9.6498390e+002  1.2059730e+004
  0.0000000e+000  4.0000000e+001  1.2000000e+001  0.0000000e+000  0.0000000e+000  1.0000000e+000  0.0000000e+000  1.6851650e+004  9.6140320e+002  1.7717940e+004
  0.0000000e+000  5.0000000e+001  7.0000000e+000  0.0000000e+000  0.0000000e+000  1.0000000e+000  1.0000000e+000  1.1473470e+004  9.5603230e+002  0.0000000e+000
  0.0000000e+000  3.9000000e+001  1.1000000e+001  0.0000000e+000  0.0000000e+000  0.0000000e+000  1.0000000e+000  0.0000000e+000  9.3096770e+002  0.0000000e+000
  0.0000000e+000  1.8000000e+001  8.0000000e+000  0.0000000e+000  1.0000000e+000  0.0000000e+000  1.0000000e+000  0.0000000e+000  9.0232260e+002  1.3063100e+003
  0.0000000e+000  3.9000000e+001  1.0000000e+001  1.0000000e+000  0.0000000e+000  0.0000000e+000  1.0000000e+000  8.4444400e+002  8.8979030e+002  7.0192010e+002
  0.0000000e+000  1.7000000e+001  1.1000000e+001  0.0000000e+000  1.0000000e+000  0.0000000e+000  1.0000000e+000  0.0000000e+000  8.7367740e+002  7.7595420e+003
  0.0000000e+000  1.7000000e+001  5.0000000e+000  1.0000000e+000  0.0000000e+000  0.0000000e+000  1.0000000e+000  9.6004070e+001  8.6830650e+002  0.0000000e+000
  0.0000000e+000  1.9000000e+001  1.2000000e+001  0.0000000e+000  0.0000000e+000  0.0000000e+000  0.0000000e+000  2.4255720e+003  8.6114520e+002  2.5874990e+003
  0.0000000e+000  2.7000000e+001  1.5000000e+001  0.0000000e+000  0.0000000e+000  0.0000000e+000  0.0000000e+000  0.0000000e+000  8.5756450e+002  3.3928600e+003
  0.0000000e+000  1.8000000e+001  1.1000000e+001  1.0000000e+000  0.0000000e+000  0.0000000e+000  1.0000000e+000  5.8778000e+002  8.4145160e+002  7.9339140e+003
  0.0000000e+000  2.0000000e+001  1.4000000e+001  0.0000000e+000  0.0000000e+000  1.0000000e+000  0.0000000e+000  0.0000000e+000  8.0564520e+002  1.4540830e+003
  0.0000000e+000  2.0000000e+001  1.2000000e+001  0.0000000e+000  0.0000000e+000  1.0000000e+000  0.0000000e+000  1.2145490e+004  7.9132260e+002  1.3683750e+004
  0.0000000e+000  1.9000000e+001  1.3000000e+001  1.0000000e+000  0.0000000e+000  0.0000000e+000  0.0000000e+000  1.7143580e+003  7.8595160e+002  9.0673300e+003
  0.0000000e+000  2.4000000e+001  8.0000000e+000  0.0000000e+000  0.0000000e+000  1.0000000e+000  1.0000000e+000  2.1356010e+002  7.6088710e+002  2.3407190e+003
  0.0000000e+000  2.7000000e+001  1.2000000e+001  0.0000000e+000  0.0000000e+000  1.0000000e+000  0.0000000e+000  4.2222200e+003  7.5193550e+002  0.0000000e+000
  0.0000000e+000  1.9000000e+001  9.0000000e+000  0.0000000e+000  0.0000000e+000  0.0000000e+000  1.0000000e+000  7.7391040e+002  6.7674190e+002  5.6478710e+003
  0.0000000e+000  5.2000000e+001  8.0000000e+000  1.0000000e+000  0.0000000e+000  1.0000000e+000  1.0000000e+000  5.4545990e+003  6.6600000e+002  0.0000000e+000
  0.0000000e+000  1.8000000e+001  1.1000000e+001  0.0000000e+000  1.0000000e+000  0.0000000e+000  1.0000000e+000  0.0000000e+000  6.3019350e+002  0.0000000e+000
  0.0000000e+000  1.6000000e+001  1.0000000e+001  0.0000000e+000  1.0000000e+000  0.0000000e+000  1.0000000e+000  0.0000000e+000  6.3019350e+002  3.8923320e+003
  0.0000000e+000  1.8000000e+001  1.2000000e+001  0.0000000e+000  1.0000000e+000  0.0000000e+000  0.0000000e+000  0.0000000e+000  6.3019350e+002  4.8439880e+003
  0.0000000e+000  4.5000000e+001  1.2000000e+001  0.0000000e+000  0.0000000e+000  0.0000000e+000  0.0000000e+000  4.4730060e+003  6.0870970e+002  0.0000000e+000
  0.0000000e+000  2.1000000e+001  1.4000000e+001  0.0000000e+000  0.0000000e+000  0.0000000e+000  0.0000000e+000  9.7081670e+003  5.9438710e+002  2.2564880e+003
  0.0000000e+000  3.6000000e+001  8.0000000e+000  0.0000000e+000  0.0000000e+000  1.0000000e+000  1.0000000e+000  2.7155440e+003  5.8543550e+002  0.0000000e+000
  0.0000000e+000  2.1000000e+001  1.3000000e+001  0.0000000e+000  0.0000000e+000  0.0000000e+000  0.0000000e+000  5.1332790e+002  5.7827420e+002  0.0000000e+000
  0.0000000e+000  4.1000000e+001  7.0000000e+000  0.0000000e+000  0.0000000e+000  1.0000000e+000  1.0000000e+000  1.9573080e+004  5.6574190e+002  0.0000000e+000
  0.0000000e+000  1.8000000e+001  7.0000000e+000  0.0000000e+000  0.0000000e+000  0.0000000e+000  1.0000000e+000  4.9177600e+002  5.5858060e+002  6.4281110e+002
  0.0000000e+000  3.9000000e+001  9.0000000e+000  0.0000000e+000  0.0000000e+000  0.0000000e+000  1.0000000e+000  1.1230520e+004  5.3709680e+002  5.7527900e+003
  0.0000000e+000  1.9000000e+001  3.0000000e+000  0.0000000e+000  0.0000000e+000  1.0000000e+000  1.0000000e+000  0.0000000e+000  5.3709680e+002  0.0000000e+000
  0.0000000e+000  3.2000000e+001  1.3000000e+001  0.0000000e+000  0.0000000e+000  1.0000000e+000  0.0000000e+000  1.2553020e+004  5.2456450e+002  1.5353580e+004
  0.0000000e+000  1.6000000e+001  9.0000000e+000  0.0000000e+000  0.0000000e+000  0.0000000e+000  1.0000000e+000  0.0000000e+000  4.8517740e+002  4.1125130e+003
  0.0000000e+000  1.6000000e+001  7.0000000e+000  0.0000000e+000  0.0000000e+000  0.0000000e+000  1.0000000e+000  6.5831360e+002  4.7980650e+002  6.2108850e+003
  0.0000000e+000  2.1000000e+001  9.0000000e+000  1.0000000e+000  0.0000000e+000  0.0000000e+000  1.0000000e+000  1.0305740e+003  4.7085480e+002  1.2235580e+003
  0.0000000e+000  2.2000000e+001  1.2000000e+001  0.0000000e+000  0.0000000e+000  1.0000000e+000  0.0000000e+000  1.2096510e+004  4.6906450e+002  1.4289620e+004
  0.0000000e+000  2.3000000e+001  1.1000000e+001  0.0000000e+000  1.0000000e+000  1.0000000e+000  1.0000000e+000  8.9460120e+003  4.6906450e+002  4.7760120e+003
  0.0000000e+000  1.7000000e+001  8.0000000e+000  1.0000000e+000  0.0000000e+000  0.0000000e+000  1.0000000e+000  0.0000000e+000  4.5116130e+002  0.0000000e+000
  0.0000000e+000  2.1000000e+001  8.0000000e+000  0.0000000e+000  0.0000000e+000  1.0000000e+000  1.0000000e+000  5.6995070e+003  3.8850000e+002  8.8441940e+003
  0.0000000e+000  1.8000000e+001  1.0000000e+001  0.0000000e+000  0.0000000e+000  0.0000000e+000  1.0000000e+000  0.0000000e+000  3.8670970e+002  0.0000000e+000
  0.0000000e+000  2.4000000e+001  1.2000000e+001  0.0000000e+000  0.0000000e+000  1.0000000e+000  0.0000000e+000  9.0518130e+003  3.2762900e+002  8.5471710e+003
  0.0000000e+000  2.4000000e+001  1.2000000e+001  1.0000000e+000  0.0000000e+000  1.0000000e+000  0.0000000e+000  4.2320160e+003  3.2046770e+002  1.2738000e+003
  0.0000000e+000  1.6000000e+001  9.0000000e+000  0.0000000e+000  0.0000000e+000  0.0000000e+000  1.0000000e+000  0.0000000e+000  3.2046770e+002  3.7076160e+003
  0.0000000e+000  2.0000000e+001  8.0000000e+000  0.0000000e+000  0.0000000e+000  1.0000000e+000  1.0000000e+000  6.2108760e+002  3.0614520e+002  5.5518190e+003
  0.0000000e+000  4.2000000e+001  8.0000000e+000  0.0000000e+000  0.0000000e+000  0.0000000e+000  1.0000000e+000  1.7925330e+004  3.0077420e+002  1.4116720e+004
  0.0000000e+000  1.7000000e+001  8.0000000e+000  0.0000000e+000  1.0000000e+000  0.0000000e+000  1.0000000e+000  3.9185340e+002  3.0077420e+002  1.8891260e+004
  0.0000000e+000  1.9000000e+001  8.0000000e+000  0.0000000e+000  1.0000000e+000  0.0000000e+000  1.0000000e+000  3.6834220e+002  3.0077420e+002  1.8510000e+004
  0.0000000e+000  1.7000000e+001  9.0000000e+000  1.0000000e+000  0.0000000e+000  0.0000000e+000  1.0000000e+000  0.0000000e+000  2.9719350e+002  5.4675880e+001
  0.0000000e+000  2.1000000e+001  1.4000000e+001  0.0000000e+000  0.0000000e+000  0.0000000e+000  0.0000000e+000  1.0775970e+002  2.9361290e+002  7.6989550e+003
  0.0000000e+000  1.6000000e+001  9.0000000e+000  1.0000000e+000  0.0000000e+000  0.0000000e+000  1.0000000e+000  0.0000000e+000  2.7750000e+002  3.9839510e+003
  0.0000000e+000  2.3000000e+001  1.3000000e+001  1.0000000e+000  0.0000000e+000  0.0000000e+000  0.0000000e+000  1.7241550e+002  2.7212900e+002  5.8222430e+002
  0.0000000e+000  1.6000000e+001  9.0000000e+000  0.0000000e+000  0.0000000e+000  0.0000000e+000  1.0000000e+000  4.1144600e+002  2.5422580e+002  1.7259850e+003
  0.0000000e+000  1.7000000e+001  1.1000000e+001  0.0000000e+000  1.0000000e+000  0.0000000e+000  1.0000000e+000  8.0329940e+002  2.4885480e+002  5.1735210e+003
  0.0000000e+000  4.6000000e+001  7.0000000e+000  0.0000000e+000  0.0000000e+000  0.0000000e+000  1.0000000e+000  1.0815150e+003  2.4527420e+002  0.0000000e+000
  0.0000000e+000  3.2000000e+001  1.0000000e+001  0.0000000e+000  0.0000000e+000  1.0000000e+000  1.0000000e+000  4.1458090e+003  2.3811290e+002  8.2457140e+003
  0.0000000e+000  1.8000000e+001  1.1000000e+001  0.0000000e+000  0.0000000e+000  0.0000000e+000  1.0000000e+000  1.3127090e+002  2.1841940e+002  7.5038960e+003
  0.0000000e+000  2.3000000e+001  1.2000000e+001  0.0000000e+000  1.0000000e+000  1.0000000e+000  0.0000000e+000  0.0000000e+000  2.1662900e+002  0.0000000e+000
  0.0000000e+000  1.8000000e+001  1.0000000e+001  0.0000000e+000  0.0000000e+000  1.0000000e+000  1.0000000e+000  0.0000000e+000  2.1125810e+002  1.4053180e+004
  0.0000000e+000  1.9000000e+001  1.0000000e+001  1.0000000e+000  0.0000000e+000  0.0000000e+000  1.0000000e+000  1.0560450e+003  2.0588710e+002  0.0000000e+000
  0.0000000e+000  1.6000000e+001  7.0000000e+000  1.0000000e+000  0.0000000e+000  0.0000000e+000  1.0000000e+000  1.3323010e+002  2.0588710e+002  6.1458650e+003
  0.0000000e+000  2.6000000e+001  7.0000000e+000  0.0000000e+000  0.0000000e+000  1.0000000e+000  1.0000000e+000  1.5380240e+003  1.8977420e+002  6.5019970e+002
  0.0000000e+000  1.6000000e+001  1.0000000e+001  0.0000000e+000  0.0000000e+000  0.0000000e+000  1.0000000e+000  0.0000000e+000  1.8977420e+002  2.1367930e+003
  0.0000000e+000  1.7000000e+001  1.0000000e+001  0.0000000e+000  0.0000000e+000  0.0000000e+000  1.0000000e+000  0.0000000e+000  1.8261290e+002  6.4236770e+003
  0.0000000e+000  1.7000000e+001  1.0000000e+001  0.0000000e+000  0.0000000e+000  0.0000000e+000  1.0000000e+000  0.0000000e+000  1.7187100e+002  1.4836370e+003
  0.0000000e+000  2.3000000e+001  8.0000000e+000  0.0000000e+000  0.0000000e+000  1.0000000e+000  1.0000000e+000  3.3307540e+001  1.6650000e+002  0.0000000e+000
  0.0000000e+000  2.9000000e+001  1.2000000e+001  0.0000000e+000  0.0000000e+000  1.0000000e+000  0.0000000e+000  1.4641600e+004  1.6291940e+002  9.4737050e+003
  0.0000000e+000  1.7000000e+001  1.0000000e+001  0.0000000e+000  0.0000000e+000  0.0000000e+000  1.0000000e+000  0.0000000e+000  1.5217740e+002  1.0301230e+004
  0.0000000e+000  4.9000000e+001  8.0000000e+000  0.0000000e+000  0.0000000e+000  1.0000000e+000  1.0000000e+000  1.4684700e+004  1.3606450e+002  1.4963460e+004
  0.0000000e+000  2.0000000e+001  1.0000000e+001  0.0000000e+000  0.0000000e+000  1.0000000e+000  1.0000000e+000  6.5635440e+003  1.3427420e+002  1.5363920e+004
  0.0000000e+000  4.0000000e+001  1.6000000e+001  0.0000000e+000  0.0000000e+000  1.0000000e+000  0.0000000e+000  0.0000000e+000  1.1458060e+002  0.0000000e+000
  0.0000000e+000  1.9000000e+001  1.0000000e+001  0.0000000e+000  0.0000000e+000  0.0000000e+000  1.0000000e+000  1.9337960e+003  1.1279030e+002  6.7532100e+002
  0.0000000e+000  1.8000000e+001  1.1000000e+001  0.0000000e+000  0.0000000e+000  0.0000000e+000  1.0000000e+000  1.4812060e+003  5.7290320e+001  1.4215730e+003
  0.0000000e+000  1.6000000e+001  6.0000000e+000  1.0000000e+000  0.0000000e+000  0.0000000e+000  1.0000000e+000  0.0000000e+000  4.4758060e+001  0.0000000e+000
  0.0000000e+000  2.2000000e+001  8.0000000e+000  0.0000000e+000  0.0000000e+000  1.0000000e+000  1.0000000e+000  1.0580040e+002  4.2967740e+001  2.0983720e+002
  0.0000000e+000  3.1000000e+001  1.2000000e+001  1.0000000e+000  0.0000000e+000  1.0000000e+000  0.0000000e+000  0.0000000e+000  4.2967740e+001  1.1023840e+004
  0.0000000e+000  2.0000000e+001  1.1000000e+001  0.0000000e+000  0.0000000e+000  1.0000000e+000  1.0000000e+000  4.4788840e+003  3.9387100e+001  6.2803380e+003
  0.0000000e+000  1.7000000e+001  1.1000000e+001  0.0000000e+000  1.0000000e+000  0.0000000e+000  1.0000000e+000  6.0149490e+002  1.0741940e+001  1.9136560e+003
  0.0000000e+000  5.0000000e+001  1.2000000e+001  0.0000000e+000  0.0000000e+000  1.0000000e+000  0.0000000e+000  2.5862320e+004  0.0000000e+000  2.5564670e+004
  0.0000000e+000  4.9000000e+001  1.4000000e+001  0.0000000e+000  0.0000000e+000  1.0000000e+000  0.0000000e+000  2.5862320e+004  0.0000000e+000  2.5564670e+004
  0.0000000e+000  4.7000000e+001  9.0000000e+000  0.0000000e+000  0.0000000e+000  1.0000000e+000  1.0000000e+000  2.5862320e+004  0.0000000e+000  2.5564670e+004
  0.0000000e+000  3.4000000e+001  1.1000000e+001  0.0000000e+000  1.0000000e+000  1.0000000e+000  1.0000000e+000  2.2198490e+004  0.0000000e+000  0.0000000e+000
  0.0000000e+000  2.2000000e+001  8.0000000e+000  1.0000000e+000  0.0000000e+000  1.0000000e+000  1.0000000e+000  1.6961370e+004  0.0000000e+000  9.5904450e+002
  0.0000000e+000  2.7000000e+001  1.2000000e+001  0.0000000e+000  0.0000000e+000  1.0000000e+000  0.0000000e+000  1.5509560e+004  0.0000000e+000  1.2593190e+004
  0.0000000e+000  3.0000000e+001  1.0000000e+001  0.0000000e+000  0.0000000e+000  1.0000000e+000  1.0000000e+000  1.4913940e+004  0.0000000e+000  1.1563210e+004
  0.0000000e+000  5.2000000e+001  1.2000000e+001  0.0000000e+000  0.0000000e+000  1.0000000e+000  0.0000000e+000  1.4780710e+004  0.0000000e+000  2.5564670e+004
  0.0000000e+000  4.3000000e+001  1.2000000e+001  0.0000000e+000  0.0000000e+000  1.0000000e+000  0.0000000e+000  1.3321050e+004  0.0000000e+000  1.6860860e+004
  0.0000000e+000  2.7000000e+001  9.0000000e+000  0.0000000e+000  1.0000000e+000  1.0000000e+000  1.0000000e+000  1.2829280e+004  0.0000000e+000  0.0000000e+000
  0.0000000e+000  3.5000000e+001  1.3000000e+001  0.0000000e+000  0.0000000e+000  0.0000000e+000  0.0000000e+000  9.5377110e+003  0.0000000e+000  1.1269140e+004
  0.0000000e+000  4.5000000e+001  1.2000000e+001  0.0000000e+000  0.0000000e+000  1.0000000e+000  0.0000000e+000  9.2771280e+003  0.0000000e+000  1.2108490e+004
  0.0000000e+000  2.2000000e+001  1.1000000e+001  1.0000000e+000  0.0000000e+000  1.0000000e+000  1.0000000e+000  9.0498530e+003  0.0000000e+000  9.0880180e+003
  0.0000000e+000  2.2000000e+001  1.2000000e+001  0.0000000e+000  0.0000000e+000  1.0000000e+000  0.0000000e+000  9.0224240e+003  0.0000000e+000  3.3426180e+003
  0.0000000e+000  2.3000000e+001  1.1000000e+001  0.0000000e+000  0.0000000e+000  1.0000000e+000  1.0000000e+000  8.9107450e+003  0.0000000e+000  4.1834440e+003
  0.0000000e+000  5.5000000e+001  7.0000000e+000  0.0000000e+000  0.0000000e+000  1.0000000e+000  1.0000000e+000  8.8323750e+003  0.0000000e+000  0.0000000e+000
  0.0000000e+000  2.6000000e+001  1.4000000e+001  0.0000000e+000  0.0000000e+000  0.0000000e+000  0.0000000e+000  8.4111320e+003  0.0000000e+000  0.0000000e+000
  0.0000000e+000  3.4000000e+001  1.2000000e+001  0.0000000e+000  0.0000000e+000  0.0000000e+000  0.0000000e+000  8.1250790e+003  0.0000000e+000  6.0320800e+003
  0.0000000e+000  2.2000000e+001  1.1000000e+001  0.0000000e+000  0.0000000e+000  0.0000000e+000  1.0000000e+000  8.0134010e+003  0.0000000e+000  5.7483560e+003
  0.0000000e+000  3.1000000e+001  1.2000000e+001  0.0000000e+000  0.0000000e+000  0.0000000e+000  0.0000000e+000  6.1560160e+003  0.0000000e+000  4.0947800e+003
  0.0000000e+000  1.9000000e+001  1.2000000e+001  0.0000000e+000  0.0000000e+000  0.0000000e+000  0.0000000e+000  5.7974700e+003  0.0000000e+000  2.1604360e+003
  0.0000000e+000  2.4000000e+001  1.0000000e+001  0.0000000e+000  0.0000000e+000  1.0000000e+000  1.0000000e+000  5.5231730e+003  0.0000000e+000  5.0405250e+003
  0.0000000e+000  3.6000000e+001  1.2000000e+001  0.0000000e+000  0.0000000e+000  1.0000000e+000  0.0000000e+000  5.3742690e+003  0.0000000e+000  0.0000000e+000
  0.0000000e+000  2.0000000e+001  9.0000000e+000  0.0000000e+000  0.0000000e+000  1.0000000e+000  1.0000000e+000  5.2292830e+003  0.0000000e+000  1.5892950e+004
  0.0000000e+000  2.3000000e+001  8.0000000e+000  0.0000000e+000  0.0000000e+000  1.0000000e+000  1.0000000e+000  4.6101550e+003  0.0000000e+000  0.0000000e+000
  0.0000000e+000  3.5000000e+001  1.1000000e+001  0.0000000e+000  0.0000000e+000  1.0000000e+000  1.0000000e+000  3.9753520e+003  0.0000000e+000  2.1963450e+004
  0.0000000e+000  2.3000000e+001  1.2000000e+001  0.0000000e+000  0.0000000e+000  0.0000000e+000  0.0000000e+000  3.8930630e+003  0.0000000e+000  1.6324450e+004
  0.0000000e+000  2.9000000e+001  1.0000000e+001  0.0000000e+000  0.0000000e+000  0.0000000e+000  1.0000000e+000  3.7519960e+003  0.0000000e+000  2.5121350e+002
  0.0000000e+000  2.4000000e+001  9.0000000e+000  0.0000000e+000  0.0000000e+000  1.0000000e+000  1.0000000e+000  3.4385130e+003  0.0000000e+000  8.1866050e+002
  0.0000000e+000  1.8000000e+001  1.0000000e+001  0.0000000e+000  0.0000000e+000  0.0000000e+000  1.0000000e+000  3.3601430e+003  0.0000000e+000  0.0000000e+000
  0.0000000e+000  4.5000000e+001  8.0000000e+000  1.0000000e+000  0.0000000e+000  0.0000000e+000  1.0000000e+000  3.2994050e+003  0.0000000e+000  3.1032260e+001
  0.0000000e+000  2.1000000e+001  1.3000000e+001  0.0000000e+000  1.0000000e+000  0.0000000e+000  0.0000000e+000  3.0153120e+003  0.0000000e+000  1.7627800e+004
  0.0000000e+000  2.9000000e+001  1.3000000e+001  0.0000000e+000  0.0000000e+000  1.0000000e+000  0.0000000e+000  2.7802000e+003  0.0000000e+000  1.4339860e+004
  0.0000000e+000  2.1000000e+001  1.5000000e+001  0.0000000e+000  0.0000000e+000  0.0000000e+000  0.0000000e+000  2.6293360e+003  0.0000000e+000  1.7171180e+003
  0.0000000e+000  2.2000000e+001  1.6000000e+001  1.0000000e+000  0.0000000e+000  0.0000000e+000  0.0000000e+000  2.5646800e+003  0.0000000e+000  1.1674040e+002
  0.0000000e+000  2.4000000e+001  1.2000000e+001  1.0000000e+000  0.0000000e+000  1.0000000e+000  0.0000000e+000  2.3550390e+003  0.0000000e+000  2.4485930e+003
  0.0000000e+000  2.0000000e+001  1.4000000e+001  0.0000000e+000  0.0000000e+000  0.0000000e+000  0.0000000e+000  2.2100530e+003  0.0000000e+000  2.8135910e+003
  0.0000000e+000  1.9000000e+001  6.0000000e+000  1.0000000e+000  0.0000000e+000  0.0000000e+000  1.0000000e+000  1.9553480e+003  0.0000000e+000  1.4998920e+004
  0.0000000e+000  1.9000000e+001  9.0000000e+000  0.0000000e+000  1.0000000e+000  0.0000000e+000  1.0000000e+000  1.8221180e+003  0.0000000e+000  3.3721720e+003
  0.0000000e+000  1.9000000e+001  1.2000000e+001  1.0000000e+000  0.0000000e+000  0.0000000e+000  0.0000000e+000  1.6810510e+003  0.0000000e+000  0.0000000e+000
  0.0000000e+000  2.0000000e+001  1.3000000e+001  0.0000000e+000  0.0000000e+000  0.0000000e+000  0.0000000e+000  1.6575400e+003  0.0000000e+000  9.1323500e+002
  0.0000000e+000  1.9000000e+001  1.2000000e+001  1.0000000e+000  0.0000000e+000  0.0000000e+000  0.0000000e+000  1.6555800e+003  0.0000000e+000  0.0000000e+000
  0.0000000e+000  2.6000000e+001  5.0000000e+000  0.0000000e+000  0.0000000e+000  1.0000000e+000  1.0000000e+000  1.5732910e+003  0.0000000e+000  3.7002270e+003
  0.0000000e+000  2.6000000e+001  9.0000000e+000  0.0000000e+000  1.0000000e+000  0.0000000e+000  1.0000000e+000  1.5634950e+003  0.0000000e+000  2.8623560e+003
  0.0000000e+000  2.3000000e+001  1.2000000e+001  0.0000000e+000  0.0000000e+000  0.0000000e+000  0.0000000e+000  1.5047170e+003  0.0000000e+000  0.0000000e+000
  0.0000000e+000  2.0000000e+001  9.0000000e+000  0.0000000e+000  1.0000000e+000  0.0000000e+000  1.0000000e+000  1.5007980e+003  0.0000000e+000  1.2618310e+004
  0.0000000e+000  2.0000000e+001  1.0000000e+001  0.0000000e+000  0.0000000e+000  0.0000000e+000  1.0000000e+000  1.4126310e+003  0.0000000e+000  6.2906820e+003
  0.0000000e+000  3.6000000e+001  1.1000000e+001  0.0000000e+000  0.0000000e+000  1.0000000e+000  1.0000000e+000  1.4047940e+003  0.0000000e+000  0.0000000e+000
  0.0000000e+000  3.9000000e+001  1.2000000e+001  0.0000000e+000  0.0000000e+000  1.0000000e+000  0.0000000e+000  1.2891980e+003  0.0000000e+000  1.2028690e+003
  0.0000000e+000  1.7000000e+001  9.0000000e+000  1.0000000e+000  0.0000000e+000  0.0000000e+000  1.0000000e+000  1.2225820e+003  0.0000000e+000  4.2262980e+002
  0.0000000e+000  5.5000000e+001  3.0000000e+000  0.0000000e+000  0.0000000e+000  0.0000000e+000  1.0000000e+000  1.2088680e+003  0.0000000e+000  0.0000000e+000
  0.0000000e+000  2.8000000e+001  8.0000000e+000  0.0000000e+000  0.0000000e+000  1.0000000e+000  1.0000000e+000  1.2029900e+003  0.0000000e+000  1.9516330e+004
  0.0000000e+000  1.9000000e+001  1.2000000e+001  0.0000000e+000  1.0000000e+000  0.0000000e+000  0.0000000e+000  1.0580040e+003  0.0000000e+000  8.9239910e+003
  0.0000000e+000  3.7000000e+001  7.0000000e+000  0.0000000e+000  0.0000000e+000  1.0000000e+000  1.0000000e+000  9.6395930e+002  0.0000000e+000  0.0000000e+000
  0.0000000e+000  1.6000000e+001  9.0000000e+000  0.0000000e+000  0.0000000e+000  1.0000000e+000  1.0000000e+000  9.2085540e+002  0.0000000e+000  1.5997870e+004
  0.0000000e+000  1.7000000e+001  1.0000000e+001  0.0000000e+000  0.0000000e+000  0.0000000e+000  1.0000000e+000  6.4655800e+002  0.0000000e+000  9.4382400e+003
  0.0000000e+000  2.4000000e+001  1.2000000e+001  1.0000000e+000  0.0000000e+000  0.0000000e+000  0.0000000e+000  5.6622810e+002  0.0000000e+000  2.2845650e+003
  0.0000000e+000  1.9000000e+001  1.1000000e+001  0.0000000e+000  0.0000000e+000  0.0000000e+000  1.0000000e+000  5.4075760e+002  0.0000000e+000  3.4061600e+003
  0.0000000e+000  5.0000000e+001  5.0000000e+000  1.0000000e+000  0.0000000e+000  1.0000000e+000  1.0000000e+000  4.1144600e+002  0.0000000e+000  9.1663380e+003
  0.0000000e+000  1.9000000e+001  9.0000000e+000  1.0000000e+000  0.0000000e+000  0.0000000e+000  1.0000000e+000  3.8401630e+002  0.0000000e+000  0.0000000e+000
  0.0000000e+000  3.6000000e+001  1.0000000e+000  1.0000000e+000  0.0000000e+000  0.0000000e+000  1.0000000e+000  3.4874950e+002  0.0000000e+000  0.0000000e+000
  0.0000000e+000  1.8000000e+001  1.1000000e+001  0.0000000e+000  0.0000000e+000  0.0000000e+000  1.0000000e+000  3.2131980e+002  0.0000000e+000  7.7225990e+003
  0.0000000e+000  1.6000000e+001  7.0000000e+000  0.0000000e+000  1.0000000e+000  0.0000000e+000  1.0000000e+000  2.8997150e+002  0.0000000e+000  7.5157170e+003
  0.0000000e+000  2.1000000e+001  1.1000000e+001  0.0000000e+000  0.0000000e+000  1.0000000e+000  1.0000000e+000  2.4686760e+002  0.0000000e+000  6.7088790e+003
  0.0000000e+000  5.5000000e+001  6.0000000e+000  0.0000000e+000  0.0000000e+000  1.0000000e+000  1.0000000e+000  1.1167820e+002  0.0000000e+000  0.0000000e+000
  0.0000000e+000  3.7000000e+001  1.2000000e+001  0.0000000e+000  0.0000000e+000  0.0000000e+000  0.0000000e+000  4.8981670e+001  0.0000000e+000  8.7776960e+002
  0.0000000e+000  2.6000000e+001  1.2000000e+001  0.0000000e+000  1.0000000e+000  1.0000000e+000  0.0000000e+000  4.7022400e+001  0.0000000e+000  0.0000000e+000
  0.0000000e+000  5.4000000e+001  1.2000000e+001  0.0000000e+000  0.0000000e+000  1.0000000e+000  0.0000000e+000  0.0000000e+000  0.0000000e+000  0.0000000e+000
  0.0000000e+000  5.0000000e+001  1.2000000e+001  0.0000000e+000  0.0000000e+000  1.0000000e+000  0.0000000e+000  0.0000000e+000  0.0000000e+000  0.0000000e+000
  0.0000000e+000  1.6000000e+001  8.0000000e+000  0.0000000e+000  0.0000000e+000  0.0000000e+000  1.0000000e+000  0.0000000e+000  0.0000000e+000  2.5594220e+003
  0.0000000e+000  1.6000000e+001  9.0000000e+000  0.0000000e+000  1.0000000e+000  0.0000000e+000  1.0000000e+000  0.0000000e+000  0.0000000e+000  0.0000000e+000
  0.0000000e+000  1.8000000e+001  1.0000000e+001  1.0000000e+000  0.0000000e+000  0.0000000e+000  1.0000000e+000  0.0000000e+000  0.0000000e+000  2.2816100e+003
  0.0000000e+000  4.0000000e+001  1.1000000e+001  1.0000000e+000  0.0000000e+000  1.0000000e+000  1.0000000e+000  0.0000000e+000  0.0000000e+000  0.0000000e+000
  0.0000000e+000  1.6000000e+001  8.0000000e+000  0.0000000e+000  0.0000000e+000  0.0000000e+000  1.0000000e+000  0.0000000e+000  0.0000000e+000  0.0000000e+000
  0.0000000e+000  1.6000000e+001  9.0000000e+000  1.0000000e+000  0.0000000e+000  0.0000000e+000  1.0000000e+000  0.0000000e+000  0.0000000e+000  2.1589590e+003
  0.0000000e+000  2.6000000e+001  1.4000000e+001  0.0000000e+000  0.0000000e+000  0.0000000e+000  0.0000000e+000  0.0000000e+000  0.0000000e+000  6.7177450e+003
  0.0000000e+000  2.0000000e+001  9.0000000e+000  1.0000000e+000  0.0000000e+000  0.0000000e+000  1.0000000e+000  0.0000000e+000  0.0000000e+000  6.0838000e+003
  0.0000000e+000  2.0000000e+001  1.2000000e+001  1.0000000e+000  0.0000000e+000  0.0000000e+000  0.0000000e+000  0.0000000e+000  0.0000000e+000  0.0000000e+000
  0.0000000e+000  1.8000000e+001  1.1000000e+001  1.0000000e+000  0.0000000e+000  0.0000000e+000  1.0000000e+000  0.0000000e+000  0.0000000e+000  0.0000000e+000
  0.0000000e+000  4.6000000e+001  1.1000000e+001  1.0000000e+000  0.0000000e+000  1.0000000e+000  1.0000000e+000  0.0000000e+000  0.0000000e+000  2.8209800e+003
  0.0000000e+000  1.7000000e+001  8.0000000e+000  1.0000000e+000  0.0000000e+000  0.0000000e+000  1.0000000e+000  0.0000000e+000  0.0000000e+000  1.2760170e+004
  0.0000000e+000  1.6000000e+001  9.0000000e+000  0.0000000e+000  0.0000000e+000  0.0000000e+000  1.0000000e+000  0.0000000e+000  0.0000000e+000  4.9740280e+003
  0.0000000e+000  3.0000000e+001  1.0000000e+001  0.0000000e+000  0.0000000e+000  1.0000000e+000  1.0000000e+000  0.0000000e+000  0.0000000e+000  3.1519910e+003
  0.0000000e+000  3.3000000e+001  1.2000000e+001  0.0000000e+000  1.0000000e+000  1.0000000e+000  0.0000000e+000  0.0000000e+000  0.0000000e+000  5.8414530e+003
  0.0000000e+000  3.4000000e+001  1.2000000e+001  1.0000000e+000  0.0000000e+000  1.0000000e+000  0.0000000e+000  0.0000000e+000  0.0000000e+000  1.8716880e+004
  0.0000000e+000  2.1000000e+001  1.3000000e+001  1.0000000e+000  0.0000000e+000  0.0000000e+000  0.0000000e+000  0.0000000e+000  0.0000000e+000  1.7941080e+004
  0.0000000e+000  2.9000000e+001  1.1000000e+001  0.0000000e+000  0.0000000e+000  1.0000000e+000  1.0000000e+000  0.0000000e+000  0.0000000e+000  0.0000000e+000
  0.0000000e+000  1.9000000e+001  1.2000000e+001  0.0000000e+000  0.0000000e+000  0.0000000e+000  0.0000000e+000  0.0000000e+000  0.0000000e+000  0.0000000e+000
  0.0000000e+000  3.1000000e+001  4.0000000e+000  0.0000000e+000  1.0000000e+000  0.0000000e+000  1.0000000e+000  0.0000000e+000  0.0000000e+000  1.1614930e+003
  0.0000000e+000  1.9000000e+001  1.2000000e+001  0.0000000e+000  1.0000000e+000  0.0000000e+000  0.0000000e+000  0.0000000e+000  0.0000000e+000  1.8573550e+004
  0.0000000e+000  2.0000000e+001  1.2000000e+001  1.0000000e+000  0.0000000e+000  0.0000000e+000  0.0000000e+000  0.0000000e+000  0.0000000e+000  1.1594240e+004
  0.0000000e+000  5.5000000e+001  4.0000000e+000  1.0000000e+000  0.0000000e+000  0.0000000e+000  1.0000000e+000  0.0000000e+000  0.0000000e+000  0.0000000e+000
  0.0000000e+000  1.9000000e+001  1.1000000e+001  1.0000000e+000  0.0000000e+000  0.0000000e+000  1.0000000e+000  0.0000000e+000  0.0000000e+000  1.6485520e+004
  0.0000000e+000  1.8000000e+001  1.1000000e+001  1.0000000e+000  0.0000000e+000  0.0000000e+000  1.0000000e+000  0.0000000e+000  0.0000000e+000  7.1462860e+003
  0.0000000e+000  4.8000000e+001  1.3000000e+001  0.0000000e+000  0.0000000e+000  1.0000000e+000  0.0000000e+000  0.0000000e+000  0.0000000e+000  0.0000000e+000
  0.0000000e+000  1.6000000e+001  9.0000000e+000  0.0000000e+000  1.0000000e+000  1.0000000e+000  1.0000000e+000  0.0000000e+000  0.0000000e+000  6.8211860e+003
  0.0000000e+000  1.7000000e+001  1.0000000e+001  1.0000000e+000  0.0000000e+000  0.0000000e+000  1.0000000e+000  0.0000000e+000  0.0000000e+000  0.0000000e+000
  0.0000000e+000  3.8000000e+001  1.2000000e+001  0.0000000e+000  0.0000000e+000  1.0000000e+000  0.0000000e+000  0.0000000e+000  0.0000000e+000  1.8756780e+004
  0.0000000e+000  3.4000000e+001  8.0000000e+000  0.0000000e+000  0.0000000e+000  1.0000000e+000  1.0000000e+000  0.0000000e+000  0.0000000e+000  2.6643410e+003
  0.0000000e+000  5.3000000e+001  1.2000000e+001  0.0000000e+000  0.0000000e+000  0.0000000e+000  0.0000000e+000  0.0000000e+000  0.0000000e+000  0.0000000e+000
  0.0000000e+000  4.8000000e+001  1.4000000e+001  0.0000000e+000  0.0000000e+000  1.0000000e+000  0.0000000e+000  0.0000000e+000  0.0000000e+000  7.2364270e+003
  0.0000000e+000  1.6000000e+001  9.0000000e+000  0.0000000e+000  0.0000000e+000  0.0000000e+000  1.0000000e+000  0.0000000e+000  0.0000000e+000  6.4946080e+003
  0.0000000e+000  1.7000000e+001  8.0000000e+000  1.0000000e+000  0.0000000e+000  0.0000000e+000  1.0000000e+000  0.0000000e+000  0.0000000e+000  4.5203660e+003
  0.0000000e+000  2.7000000e+001  1.4000000e+001  1.0000000e+000  0.0000000e+000  0.0000000e+000  0.0000000e+000  0.0000000e+000  0.0000000e+000  1.0122430e+004
  0.0000000e+000  3.7000000e+001  8.0000000e+000  1.0000000e+000  0.0000000e+000  0.0000000e+000  1.0000000e+000  0.0000000e+000  0.0000000e+000  6.4872200e+002
  0.0000000e+000  1.7000000e+001  1.0000000e+001  1.0000000e+000  0.0000000e+000  0.0000000e+000  1.0000000e+000  0.0000000e+000  0.0000000e+000  1.0536190e+003
  0.0000000e+000  1.6000000e+001  8.0000000e+000  0.0000000e+000  0.0000000e+000  0.0000000e+000  1.0000000e+000  0.0000000e+000  0.0000000e+000  0.0000000e+000
  0.0000000e+000  4.8000000e+001  1.2000000e+001  0.0000000e+000  0.0000000e+000  1.0000000e+000  0.0000000e+000  0.0000000e+000  0.0000000e+000  1.4910260e+003
  0.0000000e+000  5.5000000e+001  7.0000000e+000  0.0000000e+000  0.0000000e+000  0.0000000e+000  1.0000000e+000  0.0000000e+000  0.0000000e+000  0.0000000e+000
  0.0000000e+000  2.1000000e+001  1.5000000e+001  0.0000000e+000  0.0000000e+000  0.0000000e+000  0.0000000e+000  0.0000000e+000  0.0000000e+000  0.0000000e+000
  0.0000000e+000  1.6000000e+001  1.0000000e+001  1.0000000e+000  0.0000000e+000  0.0000000e+000  1.0000000e+000  0.0000000e+000  0.0000000e+000  1.7304180e+003
  0.0000000e+000  2.3000000e+001  1.2000000e+001  0.0000000e+000  0.0000000e+000  0.0000000e+000  0.0000000e+000  0.0000000e+000  0.0000000e+000  3.9026760e+003
  0.0000000e+000  4.6000000e+001  1.1000000e+001  1.0000000e+000  0.0000000e+000  1.0000000e+000  1.0000000e+000  0.0000000e+000  0.0000000e+000  0.0000000e+000
  0.0000000e+000  1.7000000e+001  1.0000000e+001  0.0000000e+000  0.0000000e+000  0.0000000e+000  1.0000000e+000  0.0000000e+000  0.0000000e+000  1.4942770e+004
  0.0000000e+000  4.2000000e+001  1.6000000e+001  0.0000000e+000  0.0000000e+000  0.0000000e+000  0.0000000e+000  0.0000000e+000  0.0000000e+000  2.3764800e+004
  0.0000000e+000  1.8000000e+001  1.0000000e+001  1.0000000e+000  0.0000000e+000  0.0000000e+000  1.0000000e+000  0.0000000e+000  0.0000000e+000  5.3065160e+003
  0.0000000e+000  5.3000000e+001  1.2000000e+001  1.0000000e+000  0.0000000e+000  0.0000000e+000  0.0000000e+000  0.0000000e+000  0.0000000e+000  0.0000000e+000
  0.0000000e+000  1.7000000e+001  1.0000000e+001  0.0000000e+000  0.0000000e+000  1.0000000e+000  1.0000000e+000  0.0000000e+000  0.0000000e+000  3.8598220e+003
  0.0000000e+000  1.7000000e+001  6.0000000e+000  0.0000000e+000  0.0000000e+000  0.0000000e+000  1.0000000e+000  0.0000000e+000  0.0000000e+000  0.0000000e+000
  0.0000000e+000  4.3000000e+001  6.0000000e+000  0.0000000e+000  0.0000000e+000  1.0000000e+000  1.0000000e+000  0.0000000e+000  0.0000000e+000  0.0000000e+000
  0.0000000e+000  3.4000000e+001  1.2000000e+001  1.0000000e+000  0.0000000e+000  0.0000000e+000  0.0000000e+000  0.0000000e+000  0.0000000e+000  0.0000000e+000
  0.0000000e+000  1.6000000e+001  8.0000000e+000  0.0000000e+000  1.0000000e+000  0.0000000e+000  1.0000000e+000  0.0000000e+000  0.0000000e+000  1.2242960e+004
  0.0000000e+000  2.7000000e+001  1.2000000e+001  0.0000000e+000  0.0000000e+000  1.0000000e+000  0.0000000e+000  0.0000000e+000  0.0000000e+000  1.5338800e+003
  0.0000000e+000  5.1000000e+001  4.0000000e+000  1.0000000e+000  0.0000000e+000  0.0000000e+000  1.0000000e+000  0.0000000e+000  0.0000000e+000  0.0000000e+000
  0.0000000e+000  3.9000000e+001  2.0000000e+000  1.0000000e+000  0.0000000e+000  1.0000000e+000  1.0000000e+000  0.0000000e+000  0.0000000e+000  9.6495550e+002
  0.0000000e+000  5.5000000e+001  8.0000000e+000  0.0000000e+000  0.0000000e+000  1.0000000e+000  1.0000000e+000  0.0000000e+000  0.0000000e+000  0.0000000e+000
  0.0000000e+000  1.6000000e+001  9.0000000e+000  0.0000000e+000  0.0000000e+000  0.0000000e+000  1.0000000e+000  0.0000000e+000  0.0000000e+000  5.5518190e+003
  0.0000000e+000  2.7000000e+001  1.0000000e+001  1.0000000e+000  0.0000000e+000  0.0000000e+000  1.0000000e+000  0.0000000e+000  0.0000000e+000  7.5437940e+003
  0.0000000e+000  2.5000000e+001  1.4000000e+001  0.0000000e+000  0.0000000e+000  0.0000000e+000  0.0000000e+000  0.0000000e+000  0.0000000e+000  0.0000000e+000
  0.0000000e+000  1.8000000e+001  1.1000000e+001  0.0000000e+000  0.0000000e+000  0.0000000e+000  1.0000000e+000  0.0000000e+000  0.0000000e+000  1.0150500e+004
  0.0000000e+000  2.4000000e+001  1.0000000e+000  0.0000000e+000  1.0000000e+000  1.0000000e+000  1.0000000e+000  0.0000000e+000  0.0000000e+000  1.9464610e+004
  0.0000000e+000  2.1000000e+001  1.8000000e+001  0.0000000e+000  0.0000000e+000  0.0000000e+000  0.0000000e+000  0.0000000e+000  0.0000000e+000  0.0000000e+000
  0.0000000e+000  3.2000000e+001  5.0000000e+000  1.0000000e+000  0.0000000e+000  1.0000000e+000  1.0000000e+000  0.0000000e+000  0.0000000e+000  1.8767130e+002
  0.0000000e+000  1.6000000e+001  9.0000000e+000  0.0000000e+000  0.0000000e+000  0.0000000e+000  1.0000000e+000  0.0000000e+000  0.0000000e+000  1.4954590e+003
